%YAML:1.0
TargetDescription:
   package: label_detection_example
   path: "image/model1.jpg"
   md5: "060b6187507de7223904bad4be0ba403"
   contour: [ [ 540, 235 ], [ 765, 235 ], [ 765, 560 ], [ 540, 560 ] ]
